--------------------------------findKthLargest() Times-------------------------------- \
Using Arrays.sort
100	229746.0
200	114525.6
300	172175.6
400	146398.198
500	186253.799
600	253348.298
700	277181.3
800	321856.1
900	353127.501
1000	368581.0
1100	450327.301
1200	537483.701
1300	521991.5
1400	563402.2
1500	628763.998
1600	708985.8
1700	691049.1
1800	739366.8
1900	851036.7
2000	817089.501
2100	864410.2
2200	945646.8
2300	983247.6
2400	1008557.899
2500	1053166.3
2600	1164227.998
2700	1104692.401
2800	1133023.7
2900	1340005.698
3000	1244741.3
3100	1263006.7
3200	1303306.201
3300	1416750.9
3400	1504814.5
3500	1497432.098
3600	1613504.2
3700	1587266.3
3800	1669931.1
3900	1700538.601
4000	1825439.898
4100	1860368.4
4200	1884931.4
4300	1939297.499
4400	2023386.401
4500	2093070.801
4600	2031454.5
4700	2093311.701
4800	2153731.401
4900	2052629.6
5000	2226034.7